Q-1	579-598 B	25 5026	5110 7013	579	80	0	299	190	10	598	20	0	296	232	50
Q-2	40-489 B	365 6134	6565 3113	40	20	0	0	10	10	489	50	0	267	172	0
Q-3	310-221 R	542 5842	7152 3491	310	20	0	270	10	10	221	20	0	21	180	0
Q-4	416-548 B	9757 7953	4211 4924	416	80	0	84	252	0	548	80	0	206	202	60
Q-5	612-636 B	6002 9755	5200 8405	612	110	0	270	232	0	636	80	0	204	232	120
Q-6	140-620 B	4174 6109	4251 8498	140	50	0	0	60	30	620	50	0	288	232	50
Q-7	107-736 B	8339 7398	6022 4290	107	0	0	87	10	10	736	170	0	334	222	10
Q-8	539-489 R	5843 9164	7591 5257	539	20	0	279	200	40	489	50	0	289	150	0
Q-9	189-357 B	8716 6911	4443 5916	189	50	0	69	60	10	357	50	0	123	184	0
Q-10	546-394 R	9753 4886	7190 6455	546	50	0	292	84	120	394	20	0	208	156	10
Q-11	329-546 B	6987 4150	4378 7182	329	20	0	133	176	0	546	50	0	284	212	0
Q-12	548-111 R	7129 8231	9751 3631	548	20	0	372	156	0	111	0	0	81	20	10
Q-13	419-554 B	5940 5391	5064 4625	419	50	0	229	40	100	554	80	0	270	154	50
Q-14	325-463 B	3480 6210	6055 5206	325	20	0	183	72	50	463	20	0	343	80	20
Q-15	430-534 B	4997 3888	5890 4130	430	50	0	198	182	0	534	80	0	222	222	10
Q-16	725-393 R	6312 5972	5215 8911	725	140	0	323	262	0	393	20	0	167	176	30
Q-17	491-383 R	6022 7013	3113 5842	491	70	0	177	154	90	383	20	0	283	50	30
Q-18	666-392 R	3491 5257	25 9753	666	50	0	334	282	0	392	80	0	96	216	0
Q-19	411-312 R	4150 4211	5916 6134	411	20	0	293	98	0	312	20	0	222	20	50
Q-20	322-568 B	6002 7591	5026 7152	322	80	0	0	232	10	568	110	0	274	134	50
Q-21	188-545 B	6565 9751	6109 5064	188	20	0	48	20	100	545	50	0	329	166	0
Q-22	340-580 B	9755 4378	5391 542	340	20	0	138	182	0	580	20	0	264	216	80
Q-23	338-287 R	8405 6911	7129 3480	338	20	0	108	190	20	287	80	0	147	60	0
Q-24	375-406 B	7190 4290	8911 5890	375	0	0	183	192	0	406	50	0	290	46	20
Q-25	551-345 R	4443 4997	5972 7182	551	50	0	307	144	50	345	70	0	109	156	10
Q-26	162-562 B	3631 9164	8339 6312	162	20	0	12	100	30	562	60	0	290	212	0
Q-27	541-504 R	7953 4174	5843 6210	541	20	0	243	178	100	504	50	0	252	202	0
Q-28	260-401 B	9757 8498	4130 6455	260	40	0	110	40	70	401	20	0	261	70	50
Q-29	243-427 B	365 5200	5940 5110	243	20	0	87	136	0	427	20	0	261	146	0
Q-30	398-300 R	6987 5215	4924 8716	398	20	0	178	200	0	300	110	0	120	60	10
Q-31	439-493 B	4625 3888	5206 8231	439	50	0	183	186	20	493	80	0	373	30	10
Q-32	422-531 B	7398 6055	4886 4251	422	50	0	130	232	10	531	20	0	279	222	10
Q-33	160-597 B	7190 6134	3480 5972	160	50	0	0	110	0	597	130	0	225	242	0
Q-34	391-224 R	8911 7129	4150 3491	391	20	0	255	116	0	224	20	0	144	20	40
Q-35	587-473 R	6210 6002	3631 3113	587	90	0	317	170	10	473	20	0	161	232	60
Q-36	620-546 R	9753 5026	4290 542	620	50	0	288	262	20	546	50	0	234	262	0
Q-37	248-324 B	4130 4378	7591 6911	248	0	0	48	90	110	324	110	0	0	114	100
Q-38	426-349 R	6987 5890	5843 9751	426	20	0	316	30	60	349	50	0	239	60	0
Q-39	586-452 R	5916 25	3888 5200	586	110	0	234	242	0	452	50	0	180	222	0
Q-40	526-364 R	4886 8498	7953 6312	526	70	0	234	222	0	364	50	0	204	100	10
Q-41	370-759 B	9757 7152	4251 5206	370	50	0	68	252	0	759	110	0	237	262	150
Q-42	481-242 R	5215 365	8339 4625	481	50	0	255	176	0	242	90	0	42	60	50
Q-43	714-444 R	5940 7013	9755 6109	714	80	0	308	226	100	444	20	0	240	164	20
Q-44	434-80 R	6022 6565	5391 8716	434	0	0	228	206	0	80	20	0	30	30	0
Q-45	592-477 R	7182 5064	7398 4211	592	110	0	234	158	90	477	20	0	353	104	0
Q-46	213-550 B	4924 6455	4174 6055	213	20	0	105	48	40	550	50	0	248	142	110
Q-47	232-338 B	4443 5842	9164 8231	232	20	0	82	60	70	338	20	0	258	60	0
Q-48	461-391 R	5257 4997	8405 5110	461	50	0	157	154	100	391	20	0	291	20	60
Q-49	786-340 R	5026 4251	4130 9751	786	110	0	394	282	0	340	70	0	70	200	0
Q-50	272-341 B	542 3113	5916 8911	272	20	0	202	50	0	341	50	0	99	182	10
Q-51	398-419 B	6109 6911	4886 5215	398	40	0	126	232	0	419	20	0	315	64	20
Q-52	395-136 R	9753 5206	5940 7129	395	50	0	275	60	10	136	20	0	58	58	0
Q-53	513-225 R	7182 5200	5391 3631	513	80	0	363	20	50	225	80	0	105	40	0
Q-54	508-546 B	3491 4378	4625 6022	508	50	0	256	202	0	546	110	0	174	262	0
Q-55	317-543 B	3888 8498	6002 4150	317	50	0	197	70	0	543	80	0	267	146	50
Q-56	348-741 B	5842 5064	5257 6210	348	80	0	228	40	0	741	80	0	369	292	0
Q-57	438-321 R	3480 4290	4443 9757	438	50	0	176	212	0	321	20	0	193	98	10
Q-58	459-312 R	25 6055	365 4997	459	50	0	309	50	50	312	50	0	80	172	10
Q-59	628-184 R	8231 4211	6565 6987	628	140	0	372	116	0	184	40	0	86	58	0
Q-60	426-576 B	7152 6455	7398 6134	426	20	0	224	172	10	576	50	0	270	196	60
Q-61	633-40 R	7953 7013	7190 8339	633	100	0	297	236	0	40	20	0	0	10	10
Q-62	251-622 B	5890 8405	9164 5972	251	50	0	97	104	0	622	140	0	214	198	70
Q-63	496-613 B	4924 5110	5843 6312	496	80	0	84	222	110	613	50	0	297	206	60
Q-64	571-468 R	7591 4174	9755 8716	571	50	0	301	160	60	468	110	0	258	100	0
Q-65	524-586 B	3480 3113	3491 7182	524	50	0	302	172	0	586	70	0	254	252	10
Q-66	583-412 R	6055 4290	5842 8498	583	110	0	273	200	0	412	20	0	218	164	10
Q-67	700-281 R	4251 4625	3631 6911	700	100	0	258	292	50	281	50	0	111	120	0
Q-68	536-532 R	5215 6022	6455 5257	536	50	0	194	282	10	532	0	0	326	156	50
Q-69	799-379 R	5026 5916	6109 9757	799	170	0	297	292	40	379	20	0	169	180	10
Q-70	262-502 B	6134 4378	25 5206	262	0	0	162	100	0	502	120	0	212	70	100
Q-71	503-405 R	4150 5391	5110 8339	503	20	0	257	176	50	405	20	0	267	68	50
Q-72	431-534 B	5064 7152	4997 7190	431	20	0	261	100	50	534	50	0	242	242	0
Q-73	317-649 B	8911 3888	7013 4174	317	80	0	207	20	10	649	50	0	317	232	50