Q-1	309-625 B	7006 9746	6935 3486	309	20	0	87	192	10	625	110	0	273	242	0
Q-2	292-444 B	4250 4100	9754 519	292	20	0	126	136	10	444	80	0	124	220	20
Q-3	497-262 R	28 8327	6389 5151	497	50	0	231	156	60	262	20	0	154	88	0
Q-4	242-308 B	9749 8338	4855 6735	242	20	0	0	212	10	308	0	0	76	172	60
Q-5	425-434 B	8471 8221	4318 4530	425	20	0	129	226	50	434	70	0	264	40	60
Q-6	494-473 R	7487 6081	5037 2844	494	20	0	260	154	60	473	50	0	189	184	50
Q-7	704-530 R	7138 8609	3595 3085	704	80	0	336	288	0	530	130	0	128	212	60
Q-8	608-390 R	6133 6299	5145 4017	608	20	0	366	222	0	390	70	0	98	222	0
Q-9	80-440 B	8790 5975	7550 7477	80	20	0	0	0	60	440	20	0	188	232	0
Q-10	171-242 B	6433 6510	5096 9752	171	20	0	81	60	10	242	50	0	72	120	0
Q-11	452-410 R	4082 5894	5466 4137	452	50	0	156	236	10	410	110	0	84	166	50
Q-12	272-711 B	6451 3415	724 7350	272	30	0	0	222	20	711	80	0	269	312	50
Q-13	471-534 B	6007 6137	5140 7655	471	20	0	195	176	80	534	50	0	222	162	100
Q-14	660-342 R	7023 7187	4029 3805	660	210	0	252	198	0	342	20	0	204	68	50
Q-15	253-240 R	9747 9756	8330 5009	253	20	0	11	172	50	240	60	0	0	10	170
Q-16	537-397 R	201 9048	6037 7172	537	50	0	251	186	50	397	20	0	165	202	10
Q-17	625-602 R	7138 8790	7006 6735	625	140	0	255	180	50	602	20	0	310	262	10
Q-18	775-492 R	6433 3486	3085 9749	775	110	0	373	292	0	492	80	0	120	262	30
Q-19	350-502 B	9752 519	4318 5975	350	80	0	132	138	0	502	20	0	190	282	10
Q-20	504-581 B	9746 2844	6451 6133	504	110	0	172	222	0	581	80	0	219	222	60
Q-21	745-498 R	5096 4530	6007 5151	745	110	0	373	262	0	498	80	0	156	212	50
Q-22	509-634 B	3595 5140	6081 4100	509	70	0	329	110	0	634	50	0	322	222	40
Q-23	574-496 R	5037 6137	3415 8221	574	110	0	102	262	100	496	80	0	204	212	0
Q-24	441-456 B	8338 9756	7550 28	441	20	0	189	222	10	456	20	0	180	196	60
Q-25	530-241 R	7477 5894	201 8330	530	20	0	258	252	0	241	40	0	141	60	0
Q-26	404-457 B	4855 5466	5009 7487	404	50	0	112	202	40	457	20	0	165	262	10
Q-27	265-640 B	4029 4137	8471 4250	265	20	0	69	166	10	640	140	0	258	242	0
Q-28	58-531 B	7350 7655	6299 6389	58	0	0	18	30	10	531	50	0	219	262	0
Q-29	691-362 R	724 7172	9747 7187	691	60	0	319	312	0	362	80	0	112	120	50
Q-30	208-167 R	5145 9048	4082 8327	208	50	0	78	60	20	167	50	0	39	78	0
Q-31	140-624 B	3805 6510	9754 6935	140	20	0	0	10	110	624	110	0	312	202	0
Q-32	208-635 B	4017 6037	7023 8609	208	20	0	84	104	0	635	20	0	309	236	70
Q-33	636-428 R	28 4530	7477 4100	636	50	0	340	196	50	428	20	0	166	242	0
Q-34	338-389 B	519 9746	6137 6735	338	20	0	140	78	100	389	20	0	87	242	40
Q-35	377-761 B	3486 5466	4250 3595	377	80	0	105	182	10	761	110	0	359	282	10
Q-36	280-444 B	6389 4029	5037 6133	280	50	0	40	80	110	444	80	0	112	202	50
Q-37	492-837 B	7550 5151	6433 5894	492	80	0	180	232	0	837	180	0	325	292	40
Q-38	57-159 B	8330 5975	9048 7350	57	0	0	27	30	0	159	20	0	69	70	0
Q-39	436-380 R	4318 6935	6081 4082	436	20	0	240	176	0	380	20	0	270	40	50
Q-40	889-423 R	3085 724	8338 9754	889	170	0	327	282	110	423	20	0	197	206	0
Q-41	558-466 R	8609 6510	8790 2844	558	40	0	276	242	0	466	50	0	234	182	0
Q-42	275-126 R	7655 7487	9756 4017	275	20	0	93	112	50	126	70	0	6	50	0
Q-43	590-180 R	3415 6007	3805 5009	590	80	0	308	202	0	180	20	0	30	120	10
Q-44	591-410 R	6299 9747	7006 6037	591	50	0	289	242	10	410	80	0	108	202	20
Q-45	621-466 R	4855 6451	8327 7138	621	80	0	309	222	10	466	90	0	114	262	0
Q-46	206-373 B	8221 5140	4137 7187	206	20	0	46	120	20	373	110	0	131	122	10
Q-47	281-153 R	201 9752	5145 9749	281	20	0	171	90	0	153	20	0	33	100	0
Q-48	572-496 R	7172 7023	8471 5096	572	110	0	276	176	10	496	80	0	318	88	10
Q-49	186-555 B	6389 6935	5894 4530	186	20	0	48	118	0	555	50	0	273	232	0
Q-50	529-120 R	6133 4318	8330 7487	529	50	0	297	182	0	120	50	0	0	60	10
Q-51	435-394 R	3595 5151	9756 724	435	50	0	99	236	50	394	130	0	22	142	100
Q-52	430-342 R	6433 6137	9747 4100	430	50	0	144	176	60	342	50	0	166	126	0
Q-53	407-469 B	8327 5975	8338 5009	407	20	0	147	30	210	469	50	0	217	202	0
Q-54	460-117 R	7350 5037	7550 4137	460	50	0	148	252	10	117	50	0	27	40	0
Q-55	571-320 R	2844 7477	6037 3486	571	50	0	315	206	0	320	20	0	84	206	10
Q-56	680-411 R	8221 28	3805 8609	680	70	0	318	292	0	411	20	0	261	130	0
Q-57	432-300 R	7187 6007	7006 9749	432	110	0	130	192	0	300	20	0	48	232	0
Q-58	399-523 B	4082 6735	9752 6299	399	20	0	199	130	50	523	50	0	241	172	60
Q-59	560-370 R	5145 8790	6451 7023	560	20	0	334	206	0	370	20	0	194	156	0
Q-60	254-215 R	9746 3085	4029 6510	254	20	0	166	58	10	215	20	0	105	20	70
Q-61	277-540 B	201 8471	7655 519	277	20	0	177	80	0	540	20	0	330	130	60
Q-62	430-492 B	4250 9048	5140 4855	430	0	0	240	140	50	492	20	0	216	156	100
Q-63	88-453 B	5096 5466	4017 7138	88	30	0	18	40	0	453	50	0	151	252	0
Q-64	783-461 R	3415 7172	6081 9754	783	140	0	311	272	60	461	80	0	251	120	10
Q-65	603-318 R	8609 4137	5975 5151	603	110	0	337	146	10	318	80	0	62	176	0
Q-66	432-427 R	6137 3486	7187 6299	432	20	0	140	222	50	427	140	0	197	70	20
Q-67	298-604 B	5894 9752	9747 6133	298	20	0	56	222	0	604	110	0	112	232	150
Q-68	270-294 B	7550 4100	6007 6451	270	50	0	120	100	0	294	20	0	186	78	10
Q-69	479-458 R	7655 4082	4029 9749	479	50	0	201	218	10	458	20	0	246	192	0
Q-70	674-396 R	3085 2844	4855 8471	674	140	0	272	192	70	396	50	0	94	252	0
Q-71	504-380 R	4250 6389	7487 7023	504	20	0	152	282	50	380	20	0	162	198	0
Q-72	152-393 B	6935 7350	6735 201	152	20	0	54	68	10	393	0	0	305	78	10
Q-73	551-654 B	8327 8221	6433 9756	551	20	0	249	262	20	654	100	0	282	272	0