Q-1	422-467 B	6965 3664	5119 5140	422	20	0	0	192	210	467	20	0	165	182	100
Q-2	651-256 R	7152 4149	8688 5080	651	90	0	309	252	0	256	20	0	6	150	80
Q-3	514-110 R	6133 6377	5391 7828	514	20	0	162	232	100	110	0	0	40	20	50
Q-4	148-237 B	5384 7234	8686 6389	148	20	0	18	60	50	237	20	0	69	148	0
Q-5	407-549 B	4507 9430	7229 5037	407	80	0	197	80	50	549	50	0	127	222	150
Q-6	305-342 B	5200 7351	4251 6134	305	70	0	165	50	20	342	50	0	66	216	10
Q-7	405-470 B	5975 8579	5250 7655	405	70	0	225	60	50	470	80	0	210	140	40
Q-8	343-126 R	3785 4272	6440 8743	343	50	0	111	182	0	126	20	0	66	30	10
Q-9	350-561 B	4324 9041	3409 4530	350	70	0	160	70	50	561	50	0	323	148	40
Q-10	267-453 B	4149 6134	7828 5037	267	50	0	117	90	10	453	40	0	207	206	0
Q-11	526-150 R	5119 9430	7234 7351	526	50	0	210	196	70	150	20	0	0	120	10
Q-12	116-429 B	8686 3664	6133 4272	116	20	0	36	60	0	429	50	0	261	118	0
Q-13	466-309 R	4251 4324	5250 8688	466	70	0	270	116	10	309	20	0	69	220	0
Q-14	323-591 B	6965 5384	5975 6377	323	0	0	87	236	0	591	80	0	259	202	50
Q-15	298-394 B	5080 4507	3785 8579	298	50	0	168	30	50	394	40	0	64	190	100
Q-16	539-250 R	6389 3409	7229 7655	539	140	0	179	220	0	250	50	0	60	90	50
Q-17	331-490 B	6440 9041	8743 7152	331	20	0	211	70	30	490	80	0	170	190	50
Q-18	542-542 T	5200 5140	4530 5391	542	20	0	262	170	90	542	20	0	296	226	0
Q-19	512-342 R	8579 4149	6965 4272	512	80	0	308	124	0	342	0	0	136	206	0
Q-20	424-226 R	3409 8688	3785 7351	424	140	0	72	202	10	226	20	0	0	156	50
Q-21	100-410 B	7655 7234	6440 6133	100	20	0	0	30	50	410	80	0	310	0	20
Q-22	256-414 B	5119 5080	5391 6389	256	50	0	108	98	0	414	50	0	162	192	10
Q-23	633-481 R	7152 6377	6134 4507	633	110	0	201	262	60	481	50	0	281	150	0
Q-24	526-396 R	5250 8743	5140 5037	526	110	0	114	252	50	396	70	0	206	120	0
Q-25	160-579 B	7229 7828	4251 4530	160	50	0	0	60	50	579	80	0	267	232	0
Q-26	525-244 R	8686 5200	5975 4324	525	80	0	249	196	0	244	0	0	174	70	0
Q-27	198-314 B	3664 5384	9041 9430	198	20	0	0	178	0	314	120	0	114	60	20
Q-28	288-405 B	7152 5119	5250 3785	288	20	0	36	232	0	405	70	0	197	98	40
Q-29	694-423 R	5140 6389	4251 4272	694	130	0	332	232	0	423	20	0	171	172	60
Q-30	540-456 R	8686 4530	8688 6965	540	120	0	320	100	0	456	50	0	144	262	0
Q-31	353-218 R	3664 5391	7234 7229	353	20	0	183	0	150	218	20	0	46	152	0
Q-32	617-585 R	5200 4507	3409 6133	617	50	0	331	236	0	585	140	0	295	150	0
Q-33	376-100 R	7655 6134	5080 5384	376	50	0	216	60	50	100	40	0	0	40	20
Q-34	380-252 R	8743 7828	8579 9430	380	50	0	78	252	0	252	80	0	112	60	0
Q-35	338-576 B	5975 7351	4149 9041	338	20	0	240	68	10	576	140	0	316	110	10
Q-36	274-269 R	5037 6440	4324 6377	274	50	0	194	30	0	269	20	0	69	90	90
Q-37	293-136 R	5384 3409	5119 4272	293	20	0	87	186	0	136	20	0	48	58	10
Q-38	658-517 R	4530 8579	6134 6133	658	70	0	236	282	70	517	80	0	195	242	0
Q-39	122-264 B	5200 3785	3664 6389	122	50	0	22	0	50	264	0	0	204	30	30
Q-40	400-304 R	5391 5250	6440 4507	400	50	0	230	120	0	304	50	0	84	70	100
Q-41	257-404 B	8688 8743	7229 5975	257	20	0	69	168	0	404	50	0	334	20	0
Q-42	251-601 B	9430 4324	5140 5080	251	20	0	141	90	0	601	50	0	249	292	10
Q-43	302-115 R	7234 4251	4149 6377	302	80	0	0	222	0	115	20	0	75	20	0
Q-44	322-213 R	9041 7655	7828 6965	322	70	0	242	10	0	213	50	0	93	70	0
Q-45	329-130 R	5037 7351	8686 7152	329	40	0	93	196	0	130	20	0	40	70	0
Q-46	603-358 R	4530 6440	5080 5975	603	50	0	311	232	10	358	20	0	258	80	0
Q-47	204-436 B	4272 8688	5200 9430	204	20	0	54	130	0	436	80	0	206	150	0
Q-48	563-170 R	4149 8743	4507 3664	563	80	0	279	154	50	170	40	0	0	130	0
Q-49	285-212 R	5391 7351	5384 8579	285	20	0	165	100	0	212	40	0	62	110	0
Q-50	743-478 R	6133 4251	5037 5119	743	140	0	281	272	50	478	80	0	156	232	10
Q-51	268-424 B	9041 6134	6389 5250	268	50	0	22	146	50	424	20	0	248	146	10
Q-52	454-382 R	6965 7229	3785 4324	454	50	0	238	166	0	382	50	0	92	190	50
Q-53	250-398 B	6377 8686	5140 7655	250	110	0	50	30	60	398	20	0	278	20	80
Q-54	494-348 R	7234 7152	7828 3409	494	140	0	112	242	0	348	50	0	118	130	50
Q-55	227-478 B	9041 5119	5200 8579	227	50	0	27	100	50	478	20	0	246	212	0
Q-56	737-324 R	6133 6389	4324 4149	737	140	0	275	252	70	324	50	0	112	162	0
Q-57	323-260 R	7655 3785	4530 5037	323	50	0	213	60	0	260	50	0	110	100	0
Q-58	477-120 R	4272 5975	4507 7234	477	100	0	227	100	50	120	20	0	0	100	0
Q-59	310-226 R	3409 6134	8743 8686	310	80	0	50	170	10	226	80	0	86	40	20
Q-60	382-462 B	5250 5080	6377 7351	382	20	0	70	292	0	462	50	0	138	254	20
Q-61	406-573 B	5391 9430	4251 6965	406	50	0	256	100	0	573	110	0	201	252	10
Q-62	254-202 R	8688 7828	6440 3664	254	20	0	74	150	10	202	20	0	132	50	0
Q-63	482-571 B	5384 5140	7229 7152	482	50	0	262	170	0	571	20	0	189	292	70
Q-64	684-206 R	6389 4530	8743 6377	684	120	0	386	178	0	206	50	0	66	90	0
Q-65	116-210 B	4149 3785	8686 5391	116	20	0	56	40	0	210	20	0	30	110	50
Q-66	266-368 B	4272 4324	7351 7655	266	50	0	18	148	50	368	50	0	102	166	50
Q-67	295-232 R	6440 7229	5119 6134	295	0	0	75	220	0	232	20	0	0	182	30
Q-68	363-457 B	7828 5250	5200 5384	363	20	0	123	170	50	457	40	0	165	242	10
Q-69	560-472 R	5975 6133	9430 7152	560	140	0	178	222	20	472	140	0	140	182	10
Q-70	579-100 R	6965 5037	5080 7234	579	70	0	303	206	0	100	20	0	20	50	10
Q-71	198-642 B	4507 8688	5140 9041	198	50	0	18	90	40	642	110	0	326	206	0
Q-72	691-406 R	4251 8579	3409 3664	691	110	0	279	292	10	406	110	0	94	192	10