Q-1	490-297 R	5289 5452	3631 6127	490	70	0	220	200	0	297	50	0	75	142	30
Q-2	244-165 R	4106 8911	8935 4150	244	50	0	60	134	0	165	80	0	27	58	0
Q-3	416-248 R	5466 7158	5209 3549	416	50	0	132	234	0	248	70	0	138	40	0
Q-4	358-425 B	6093 6007	8231 7138	358	20	0	212	126	0	425	50	0	129	186	60
Q-5	318-464 B	5972 7190	7043 4443	318	40	0	114	164	0	464	80	0	194	190	0
Q-6	426-373 R	7023 3620	6153 7337	426	50	0	114	262	0	373	20	0	213	90	50
Q-7	220-413 B	6458 5149	7228 4969	220	20	0	0	140	60	413	0	0	161	242	10
Q-8	541-530 R	535 6981	7129 3788	541	140	0	129	262	10	530	50	0	312	158	10
Q-9	304-152 R	6987 7006	5202 7078	304	50	0	42	182	30	152	50	0	54	48	0
Q-10	494-535 B	5209 8231	3631 4150	494	20	0	320	154	0	535	80	0	169	226	60
Q-11	344-130 R	5452 5466	5149 7190	344	70	0	82	182	10	130	20	0	60	40	10
Q-12	181-477 B	7158 4443	6007 7023	181	20	0	131	20	10	477	120	0	155	202	0
Q-13	367-350 R	6127 7006	4106 535	367	40	0	69	238	20	350	50	0	114	186	0
Q-14	551-498 R	5972 7138	7078 3788	551	140	0	119	242	50	498	80	0	288	70	60
Q-15	430-455 B	4969 7043	8935 3620	430	40	0	128	172	90	455	80	0	201	144	30
Q-16	328-188 R	7129 6987	5289 7337	328	80	0	150	48	50	188	50	0	98	40	0
Q-17	485-293 R	7228 6153	5202 6093	485	50	0	193	232	10	293	40	0	139	94	20
Q-18	176-468 B	8911 3549	6458 6981	176	50	0	46	70	10	468	20	0	156	242	50
Q-19	297-583 B	4106 5452	5972 4969	297	40	0	87	140	30	583	50	0	315	218	0
Q-20	169-200 B	7190 3631	6987 7158	169	0	0	59	110	0	200	50	0	0	140	10
Q-21	270-457 B	8935 5149	6153 5289	270	50	0	48	172	0	457	70	0	191	196	0
Q-22	121-451 B	5202 6458	7023 7138	121	20	0	71	20	10	451	110	0	273	68	0
Q-23	501-477 R	6981 8231	7006 5466	501	50	0	229	212	10	477	50	0	165	212	50
Q-24	412-311 R	6007 6127	5209 3788	412	70	0	120	212	10	311	50	0	141	120	0
Q-25	246-533 B	7337 4150	4443 7228	246	20	0	146	70	10	533	50	0	261	172	50
Q-26	340-313 R	535 3549	7043 6093	340	50	0	210	80	0	313	20	0	147	146	0
Q-27	208-186 R	7078 7129	3620 8911	208	0	0	138	0	70	186	20	0	0	156	10
Q-28	304-227 R	6127 5202	8935 7158	304	0	0	174	130	0	227	50	0	97	80	0
Q-29	192-256 B	3788 6153	8231 4443	192	20	0	102	60	10	256	20	0	216	20	0
Q-30	495-176 R	3631 7138	6981 4969	495	50	0	217	178	50	176	20	0	126	10	20
Q-31	490-403 R	5466 4150	6458 3620	490	20	0	168	292	10	403	50	0	171	172	10
Q-32	423-422 R	8911 7006	5452 6007	423	50	0	81	292	0	422	40	0	140	242	0
Q-33	230-298 B	6987 535	5209 7023	230	50	0	20	90	70	298	70	0	188	40	0
Q-34	302-259 R	4106 6093	7190 7129	302	50	0	182	50	20	259	20	0	57	182	0
Q-35	129-599 B	5149 7337	5972 3549	129	20	0	69	30	10	599	140	0	201	198	60
Q-36	285-339 B	7078 7228	7043 5289	285	20	0	69	196	0	339	100	0	109	120	10
Q-37	227-438 B	4150 7158	6153 6981	227	80	0	69	58	20	438	40	0	220	168	10
Q-38	344-449 B	5209 8935	6093 5452	344	50	0	214	80	0	449	40	0	269	130	10
Q-39	444-403 R	8231 7337	6127 7190	444	20	0	282	122	20	403	70	0	153	110	70
Q-40	404-413 B	7023 5289	4969 3549	404	50	0	102	252	0	413	80	0	233	80	20
Q-41	292-466 B	3788 6987	3620 7228	292	20	0	20	212	40	466	20	0	226	120	100
Q-42	82-221 B	7078 535	6007 5149	82	20	0	32	20	10	221	20	0	87	114	0
Q-43	427-455 B	6458 7129	5972 7006	427	80	0	297	50	0	455	130	0	111	204	10
Q-44	291-483 B	3631 7043	5202 8911	291	50	0	111	70	60	483	50	0	221	202	10
Q-45	391-577 B	4106 4443	5466 7138	391	70	0	171	130	20	577	80	0	335	152	10
Q-46	370-555 B	5452 7228	7023 8231	370	20	0	108	232	10	555	80	0	259	166	50
Q-47	178-358 B	4969 6153	6987 6007	178	20	0	98	60	0	358	50	0	96	212	0
Q-48	204-495 B	6093 7078	4150 6127	204	20	0	144	40	0	495	50	0	193	202	50
Q-49	198-275 B	5289 7190	8911 3788	198	40	0	48	80	30	275	30	0	165	80	0
Q-50	521-414 R	535 5466	7158 5972	521	110	0	311	100	0	414	70	0	192	152	0
Q-51	318-290 R	3549 4443	7129 5202	318	70	0	58	80	110	290	20	0	176	94	0
Q-52	418-124 R	7006 7138	7043 5149	418	140	0	36	222	20	124	50	0	54	20	0
Q-53	405-391 R	3631 8935	6458 7337	405	50	0	205	130	20	391	20	0	169	202	0
Q-54	148-70 R	6981 3620	4106 5209	148	50	0	18	30	50	70	50	0	0	20	0
Q-55	358-401 B	5202 5972	6007 4150	358	50	0	250	58	0	401	70	0	89	242	0
Q-56	501-237 R	3788 4969	7006 7158	501	20	0	235	146	100	237	20	0	45	172	0
Q-57	473-267 R	5149 7023	8911 6093	473	70	0	273	120	10	267	20	0	111	126	10
Q-58	230-352 B	3549 6127	7138 3620	230	80	0	90	60	0	352	110	0	116	126	0
Q-59	348-354 B	6981 7337	5452 7078	348	80	0	148	110	10	354	50	0	114	110	80
Q-60	508-340 R	7129 6153	3631 5466	508	40	0	262	206	0	340	50	0	86	194	10
Q-61	196-372 B	7043 4106	8231 6987	196	20	0	46	130	0	372	80	0	272	20	0
Q-62	379-490 B	7228 8935	535 7190	379	0	0	165	214	0	490	110	0	148	232	0
Q-63	283-348 B	5289 5209	6458 4443	283	20	0	143	120	0	348	20	0	166	152	10
Q-64	140-394 B	3620 3631	7006 6093	140	20	0	0	110	10	394	70	0	62	262	0
Q-65	466-338 R	4969 5202	7337 5466	466	40	0	234	172	20	338	20	0	248	60	10
Q-66	511-166 R	7228 6007	4106 3549	511	20	0	189	242	60	166	20	0	126	20	0
Q-67	613-482 R	8935 5972	6981 7023	613	140	0	219	234	20	482	100	0	210	162	10
Q-68	423-124 R	7129 8231	5149 7158	423	110	0	167	146	0	124	40	0	44	30	10
Q-69	130-271 B	5289 7138	4150 535	130	20	0	20	80	10	271	70	0	71	130	0
Q-70	200-544 B	7043 6458	3788 5452	200	20	0	100	70	10	544	50	0	252	192	50
Q-71	276-180 R	5209 7190	6153 7078	276	70	0	86	110	10	180	20	0	100	60	0
Q-72	233-396 B	6127 8911	4443 6987	233	50	0	83	100	0	396	70	0	116	160	50